%YAML:1.0
---
sensor_type: camera
comment: VI-Sensor cam0 (MT9M034)
cameraMatrix: !!opencv-matrix
   rows: 3
   cols: 3
   dt: d
   data: [ 457.587, 0., 379.999, 0., 456.134, 255.238, 0., 0., 1. ]
distCoeffs: !!opencv-matrix
   rows: 1
   cols: 4
   dt: d
   data: [-0.28368365,  0.07451284, -0.00010473, -3.55590700e-05]
# Sensor extrinsics wrt. the body-frame.
T_BS: !!opencv-matrix
  cols: 4
  rows: 4
  dt: d
  data: [0.0125552670891, -0.999755099723, 0.0182237714554, -0.0198435579556,
         0.999598781151, 0.0130119051815, 0.0251588363115, 0.0453689425024,
        -0.0253898008918, 0.0179005838253, 0.999517347078, 0.00786212447038,
         0.0, 0.0, 0.0, 1.0]
# Camera specific definitions.
rate_hz: 20
resolution: [752, 480]
camera_model: pinhole
distortion_model: radial-tangential

